0.9362351035730175 0.3532908114376542 0.3574615649945238 0.13422380086281613 0.06780666551382426 0.767443569024222 0.5150276682752738 -0.04960174313082073 0.21264751959218442 0.5202122139464406 0.709828530618257 0.5936335984733485 0.5165171902010044 0.5353689375451063 0.5455069272519865 0.6540305798581229 0.5709100959268071 0.4243128750286195 0.6100797940658267 0.3274972772987898 0.40594079892117935 0.9587461516155177 0.056329063690286826 0.7842375655850647 0.015597706179911637 0.4857591392334255 0.3792287172017967 0.7901309439956643 0.12576916821044665 0.6194046996112497 
1.0211672498457753 0.30104518839312894 0.5733317500173755 0.7926462845741293 0.135402707933044 0.8474763581818807 0.5821881109103801 
0.8461172136729523 0.07489704708545021 0.7962121314268814 0.5543512427787993 0.6313894618717838 0.9907727683824985 0.42369695019952053 
0.8089374955873149 0.8851317324700743 0.8913963581360488 0.199666063198731 0.9334161900865849 0.6632080721863594 1.0628431141160493 
0.8242545774578455 0.21271671899554762 0.6583838436835249 0.050717223766721414 0.12175353451889351 0.43861772333955207 0.839954879605666 
-0.04549213650806255 0.7224091108480067 0.05256993674041255 0.4389721693110205 -0.025247292628748353 0.5769263330340949 0.22521647150011873 
0.6100274908833855 0.5701865203497737 0.6399512924379895 0.1189985295314627 0.7420108460514193 0.9933779504677848 0.317893492590384 
0.10022930856104302 0.6747883927330213 0.3583743367030119 0.8584934456633594 0.2018634308782771 0.17103138231284026 0.7632779912012367 
0.21442939436410577 0.05204072280384721 0.9079784603215284 0.4568685936115614 0.12747103395803874 0.7611908953692248 0.2474041791312483 
0.49433936530389067 0.1538560640077978 0.770194523081987 0.3239547906168102 0.3903683777084011 0.7259680178869474 0.5117977360245438 
0.7636197379821328 0.9569430530772626 0.5305138788895605 0.8904906588927941 0.7099599038319923 0.7821556325110349 0.28487894979408157 
0.37818582451742344 -0.011700843474247612 0.5670285303300384 0.23653854245679995 0.6617780075369909 0.8439364244860685 0.2691959882966514 
1.062116879644017 0.9574116041324938 0.4524677046522432 0.08551599690158657 1.0838263934728012 0.8053096283396911 0.07041487673649324 
0.15455094151960924 0.9319533251048451 0.7932314361026754 0.5300206336454244 0.006445149168572873 0.23917788617562594 0.2977213283924012 
0.6071534662520036 1.020474265960886 0.625980624180726 0.5376255406268308 0.9275950670210741 0.13753851392813485 0.6016928685524627 
-0.020198656796534868 1.129586063449518 0.44995933634996144 -0.0531323329637797 1.082309530152101 0.036905392069418716 0.10296371828095842 
0.7039780848396495 1.0678502121468028 0.31107446904151564 0.10362934730903735 0.9349915688687321 0.15745783050805595 0.2172370573848563 
0.8325757840326978 0.22227817383845705 0.7615407255623022 0.6992862553815572 -0.07003278864275378 0.26784148958711157 0.538658792095782 
0.0456462911084458 1.053863321399949 0.18827378460194694 0.0816192455605137 0.7382636716579946 0.929940464389425 0.7238990210250028 
0.14145089056406557 0.7117421562515445 0.48786169098058346 0.9237832919079066 0.04993839116816658 0.7003169315874422 0.13983479347858008 
0.03739648611400112 0.7549748698714385 0.14387270674365277 0.7372016380713392 0.4119098852298156 0.2942944865696799 0.06281744507056486 
0.9077424511315373 0.10881605884684528 0.37212138466600336 0.8681567016628224 0.5059958902697085 0.41050919139145386 -0.13774349527292512 
0.03998564980446717 0.26135831370726104 0.9038876131289281 0.9281773607015191 0.004065469674054041 0.600350719368035 0.984678310056384 
0.4512991143389384 0.2585559896546464 0.4892690126032768 0.5000664167985981 0.30917949303426967 0.21921870030043764 0.2558685500580919 
0.3218584970479454 0.21365644378354168 0.19502403504131574 0.03832434295323335 0.435996699710309 0.9117771890352925 0.4571165085398626 
0.08950492366138282 0.7275836800548803 0.5914109050148708 0.39765068840168805 0.6865869351658362 0.3780887137044971 0.42358896115579586 
0.5288323588920864 2.5325316907675455E-4 0.8652463827893667 0.649748857051846 0.4122756588961748 0.8262395671382755 0.4695134169849141 
-0.03662255129825837 0.9535919360701837 0.5693896714856783 0.6057041817373909 0.24009232908994282 0.5248974377867157 0.9479391378187021 
0.4122766964160733 0.9827244364134964 0.9711345394253155 0.7436932598617706 0.07160048015879336 0.4003399649529918 0.9642440023614323 
0.8487689602775296 0.2373682280279392 -0.001831419933170356 0.6181301846331321 0.6126357454668198 1.032132253748756 0.48359133343940264 
-0.006211196796762387 0.3587428011393804 0.4226340743574662 0.15235401168959023 0.8622641148125073 0.1098695726866121 0.5376891981142814 
0.23027645139709443 0.07769519268694942 0.5640793950968436 0.15165358653341518 0.3024383386241817 0.08952569142323591 0.20710587045330728 0.9666029451423188 0.4487406522212333 0.02727529947167462 0.239856570616305 0.2545931161268322 0.16230101163961738 0.2552012828490683 0.31194675099935865 0.2277205976469452 0.3067480512471825 0.3566529533762357 0.18971871427353848 0.1699582285416234 0.43693312322800365 0.12643987838043136 0.44824030540066045 0.10981121870681192 0.18325009660558614 0.3425990509046248 0.23549665928580527 0.37929812421746745 0.951145040313437 0.16540755961671888 
